0 4
0 11
0 17
0 18
0 20
0 22
0 24
0 25
0 29
0 32
0 34
0 37
0 38
0 43
0 49
0 51
0 52
0 53
0 56
0 57
0 58
0 63
0 65
0 67
0 68
0 69
0 73
0 74
0 81
0 84
0 85
0 86
0 88
0 89
0 90
0 91
0 92
0 96
0 97
0 99
0 391
0 440
0 486
0 775
0 961
1 2
1 3
1 5
1 6
1 7
1 8
1 9
1 11
1 12
1 13
1 22
1 28
1 35
1 39
1 40
1 43
1 45
1 49
1 50
1 54
1 58
1 61
1 62
1 63
1 65
1 66
1 69
1 79
1 81
1 83
1 84
1 93
1 94
1 95
1 96
1 97
1 98
1 99
1 157
1 327
1 479
1 579
1 604
1 748
1 789
1 968
2 4
2 8
2 9
2 15
2 16
2 17
2 18
2 21
2 23
2 26
2 27
2 28
2 29
2 33
2 34
2 37
2 39
2 40
2 42
2 43
2 45
2 48
2 50
2 53
2 54
2 55
2 56
2 61
2 62
2 66
2 69
2 70
2 71
2 72
2 74
2 79
2 81
2 82
2 85
2 87
2 88
2 89
2 92
2 93
2 94
2 96
2 99
2 137
2 320
2 336
2 419
2 484
2 488
2 611
2 848
2 886
3 4
3 5
3 6
3 7
3 10
3 16
3 20
3 22
3 23
3 24
3 27
3 29
3 37
3 39
3 42
3 46
3 48
3 49
3 50
3 51
3 57
3 63
3 64
3 67
3 68
3 71
3 78
3 79
3 81
3 87
3 89
3 92
3 93
3 95
3 96
3 97
3 98
3 274
3 322
3 333
3 426
3 460
3 620
3 949
4 5
4 9
4 12
4 16
4 17
4 25
4 27
4 34
4 37
4 38
4 40
4 41
4 43
4 47
4 48
4 53
4 56
4 57
4 60
4 62
4 65
4 68
4 71
4 73
4 76
4 81
4 86
4 89
4 90
4 96
4 99
4 106
4 183
4 225
4 286
4 313
4 337
4 354
4 389
4 527
4 605
4 606
4 967
5 8
5 9
5 15
5 16
5 18
5 19
5 21
5 23
5 24
5 27
5 30
5 31
5 32
5 36
5 37
5 39
5 40
5 46
5 54
5 58
5 59
5 62
5 64
5 65
5 66
5 71
5 73
5 74
5 78
5 79
5 82
5 83
5 86
5 87
5 91
5 92
5 94
5 99
5 239
5 308
5 316
5 318
5 401
5 413
5 422
5 505
5 535
5 690
5 708
5 727
5 788
5 805
5 980
6 8
6 11
6 12
6 13
6 16
6 20
6 26
6 27
6 29
6 30
6 33
6 36
6 39
6 41
6 42
6 43
6 45
6 47
6 50
6 56
6 58
6 60
6 62
6 63
6 72
6 73
6 74
6 76
6 78
6 79
6 84
6 86
6 87
6 97
6 140
6 147
6 213
6 367
6 528
6 838
6 932
7 9
7 17
7 18
7 20
7 21
7 23
7 25
7 26
7 28
7 29
7 31
7 34
7 35
7 36
7 40
7 42
7 46
7 51
7 52
7 57
7 58
7 60
7 61
7 64
7 65
7 66
7 68
7 70
7 72
7 74
7 76
7 77
7 80
7 88
7 92
7 94
7 95
7 97
7 183
7 306
7 446
7 633
7 838
7 855
8 9
8 11
8 14
8 20
8 23
8 24
8 25
8 26
8 27
8 29
8 31
8 32
8 34
8 36
8 41
8 42
8 43
8 45
8 47
8 49
8 50
8 54
8 55
8 56
8 59
8 61
8 62
8 64
8 66
8 71
8 72
8 74
8 78
8 79
8 80
8 81
8 85
8 86
8 89
8 91
8 92
8 94
8 98
8 99
8 315
8 387
8 402
8 486
8 566
8 661
8 677
8 725
8 920
9 11
9 13
9 14
9 15
9 19
9 23
9 24
9 31
9 33
9 34
9 37
9 39
9 41
9 42
9 44
9 49
9 51
9 52
9 54
9 55
9 56
9 58
9 61
9 63
9 64
9 66
9 67
9 73
9 75
9 77
9 78
9 80
9 81
9 82
9 83
9 87
9 88
9 90
9 92
9 93
9 95
9 96
9 97
9 349
9 428
9 486
9 675
9 995
10 16
10 17
10 20
10 25
10 38
10 42
10 43
10 44
10 47
10 48
10 49
10 53
10 54
10 57
10 58
10 64
10 65
10 67
10 70
10 72
10 78
10 80
10 82
10 83
10 84
10 86
10 88
10 89
10 90
10 97
10 200
10 303
10 322
10 612
10 655
10 795
10 828
10 876
10 988
11 17
11 19
11 20
11 21
11 26
11 27
11 30
11 36
11 37
11 38
11 39
11 40
11 41
11 42
11 43
11 45
11 46
11 47
11 52
11 53
11 54
11 57
11 67
11 69
11 73
11 75
11 76
11 79
11 87
11 88
11 89
11 90
11 92
11 97
11 98
11 99
11 121
11 306
11 342
11 398
11 419
11 492
11 542
11 586
11 595
11 968
11 973
12 15
12 16
12 17
12 18
12 19
12 20
12 24
12 25
12 26
12 29
12 31
12 33
12 38
12 41
12 43
12 45
12 46
12 48
12 50
12 51
12 52
12 58
12 62
12 64
12 66
12 67
12 69
12 73
12 74
12 80
12 82
12 83
12 87
12 88
12 90
12 92
12 93
12 95
12 97
12 98
12 141
12 206
12 259
12 297
12 363
12 378
12 406
12 457
12 464
12 653
12 698
12 751
12 828
12 928
12 929
12 983
12 993
13 19
13 20
13 26
13 29
13 35
13 37
13 39
13 40
13 42
13 43
13 44
13 46
13 53
13 55
13 60
13 63
13 69
13 70
13 71
13 73
13 74
13 75
13 77
13 83
13 85
13 88
13 89
13 90
13 91
13 92
13 96
13 109
13 179
13 429
13 628
13 650
13 717
13 769
13 826
13 850
13 955
13 959
14 15
14 17
14 19
14 21
14 22
14 27
14 28
14 32
14 34
14 39
14 42
14 45
14 46
14 47
14 50
14 51
14 52
14 54
14 56
14 57
14 58
14 59
14 65
14 68
14 74
14 76
14 77
14 78
14 79
14 80
14 82
14 83
14 85
14 87
14 93
14 109
14 197
14 274
14 404
14 427
14 542
14 720
15 22
15 24
15 25
15 32
15 33
15 35
15 37
15 41
15 46
15 47
15 52
15 53
15 56
15 57
15 61
15 65
15 68
15 69
15 70
15 73
15 75
15 76
15 79
15 83
15 88
15 89
15 91
15 92
15 94
15 95
15 98
15 192
15 256
15 266
15 309
15 322
15 380
15 632
15 636
15 678
15 783
15 832
15 919
15 941
16 17
16 18
16 19
16 22
16 24
16 25
16 26
16 27
16 28
16 29
16 30
16 32
16 33
16 34
16 36
16 38
16 44
16 48
16 51
16 55
16 56
16 60
16 61
16 63
16 65
16 66
16 69
16 72
16 74
16 80
16 81
16 82
16 85
16 86
16 87
16 93
16 95
16 96
16 97
16 99
16 373
16 430
16 433
16 517
16 526
16 647
16 651
16 902
16 912
16 992
17 18
17 20
17 23
17 25
17 26
17 28
17 31
17 32
17 35
17 36
17 37
17 42
17 48
17 49
17 51
17 52
17 57
17 59
17 61
17 62
17 63
17 70
17 73
17 74
17 75
17 77
17 78
17 80
17 81
17 83
17 85
17 87
17 89
17 93
17 107
17 179
17 258
17 353
17 391
17 498
17 615
17 624
17 660
17 743
17 826
17 898
18 21
18 22
18 24
18 26
18 27
18 28
18 29
18 35
18 41
18 43
18 45
18 46
18 47
18 48
18 53
18 55
18 73
18 76
18 77
18 80
18 86
18 87
18 88
18 89
18 93
18 94
18 98
18 113
18 212
18 516
18 631
18 641
18 655
18 713
19 20
19 23
19 24
19 26
19 27
19 28
19 34
19 35
19 39
19 40
19 41
19 44
19 47
19 49
19 50
19 54
19 55
19 56
19 61
19 63
19 67
19 69
19 70
19 72
19 76
19 79
19 87
19 88
19 91
19 95
19 96
19 97
19 99
19 141
19 328
19 415
19 566
19 641
20 21
20 22
20 25
20 26
20 28
20 30
20 34
20 35
20 36
20 37
20 40
20 42
20 45
20 54
20 57
20 58
20 60
20 61
20 67
20 68
20 70
20 75
20 79
20 82
20 84
20 85
20 86
20 90
20 91
20 92
20 97
20 99
20 135
20 627
20 640
20 693
20 813
20 987
20 998
21 22
21 23
21 24
21 27
21 31
21 32
21 35
21 37
21 39
21 40
21 41
21 45
21 51
21 52
21 53
21 55
21 59
21 60
21 62
21 63
21 64
21 67
21 71
21 73
21 75
21 77
21 80
21 81
21 84
21 85
21 90
21 93
21 94
21 95
21 99
21 299
21 302
21 382
21 516
21 628
21 670
21 675
21 730
21 856
21 916
21 927
21 934
21 985
22 25
22 26
22 27
22 30
22 32
22 33
22 35
22 41
22 46
22 47
22 48
22 50
22 52
22 53
22 54
22 57
22 62
22 63
22 64
22 68
22 70
22 73
22 76
22 77
22 80
22 83
22 84
22 85
22 86
22 89
22 90
22 91
22 92
22 181
22 236
22 456
22 629
22 636
22 912
22 926
23 24
23 30
23 36
23 47
23 51
23 52
23 56
23 59
23 60
23 61
23 63
23 64
23 65
23 67
23 70
23 72
23 73
23 74
23 76
23 77
23 79
23 80
23 83
23 84
23 88
23 89
23 90
23 91
23 97
23 201
23 335
23 426
23 554
23 713
23 811
23 855
23 940
23 966
23 971
24 28
24 30
24 31
24 35
24 38
24 41
24 44
24 45
24 46
24 48
24 49
24 50
24 55
24 56
24 60
24 67
24 70
24 72
24 73
24 74
24 77
24 78
24 84
24 87
24 89
24 92
24 95
24 98
24 99
24 109
24 164
24 170
24 305
24 343
24 363
24 444
24 448
24 485
24 716
24 781
24 825
24 938
24 947
24 966
25 26
25 30
25 31
25 32
25 33
25 34
25 43
25 48
25 53
25 56
25 61
25 65
25 66
25 68
25 70
25 76
25 78
25 81
25 84
25 85
25 86
25 88
25 91
25 98
25 153
25 208
25 278
25 280
25 380
25 386
25 714
25 831
25 861
26 27
26 31
26 38
26 39
26 41
26 43
26 44
26 45
26 48
26 51
26 56
26 57
26 58
26 59
26 60
26 61
26 62
26 64
26 66
26 67
26 69
26 75
26 77
26 79
26 82
26 84
26 86
26 88
26 91
26 96
26 97
26 99
26 174
26 305
26 424
26 497
26 538
26 562
26 724
26 743
26 829
27 30
27 32
27 35
27 36
27 37
27 38
27 41
27 42
27 45
27 47
27 49
27 51
27 53
27 54
27 55
27 56
27 57
27 59
27 63
27 66
27 69
27 72
27 75
27 76
27 77
27 78
27 80
27 88
27 90
27 94
27 98
27 99
27 252
27 345
27 413
27 433
27 454
27 534
27 542
27 579
27 587
27 639
27 724
27 764
27 829
27 892
28 29
28 30
28 32
28 33
28 34
28 37
28 38
28 39
28 41
28 43
28 47
28 48
28 50
28 51
28 52
28 53
28 55
28 62
28 65
28 66
28 67
28 69
28 72
28 74
28 77
28 82
28 86
28 91
28 92
28 95
28 99
28 214
28 353
28 440
28 442
28 518
28 645
28 784
28 806
28 843
28 844
28 984
29 34
29 38
29 39
29 42
29 55
29 57
29 59
29 62
29 65
29 67
29 69
29 72
29 73
29 78
29 79
29 80
29 81
29 82
29 83
29 87
29 88
29 89
29 91
29 92
29 95
29 188
29 214
29 229
29 256
29 416
29 447
29 496
29 549
29 618
29 632
29 658
29 670
29 780
29 898
30 35
30 42
30 44
30 45
30 46
30 47
30 48
30 50
30 53
30 55
30 56
30 58
30 63
30 64
30 67
30 72
30 75
30 76
30 77
30 78
30 83
30 87
30 89
30 90
30 93
30 95
30 139
30 223
30 330
30 336
30 410
30 626
30 792
30 907
30 946
30 953
30 967
31 34
31 35
31 36
31 37
31 38
31 39
31 42
31 43
31 45
31 46
31 48
31 49
31 56
31 57
31 64
31 69
31 70
31 71
31 77
31 79
31 81
31 84
31 87
31 89
31 93
31 95
31 118
31 413
31 483
31 492
31 500
31 591
31 670
31 690
31 704
31 735
32 41
32 42
32 49
32 51
32 52
32 55
32 58
32 60
32 61
32 66
32 68
32 69
32 70
32 72
32 73
32 75
32 76
32 87
32 90
32 91
32 94
32 97
32 98
32 116
32 134
32 222
32 369
32 464
32 608
32 665
32 689
32 709
32 759
32 789
32 971
33 34
33 35
33 36
33 41
33 42
33 43
33 44
33 47
33 48
33 54
33 56
33 58
33 63
33 65
33 66
33 67
33 68
33 69
33 71
33 74
33 75
33 79
33 81
33 82
33 86
33 87
33 88
33 89
33 91
33 92
33 93
33 98
33 158
33 293
33 308
33 342
33 380
33 510
33 531
33 585
33 852
33 966
34 41
34 43
34 48
34 57
34 58
34 60
34 61
34 62
34 65
34 68
34 69
34 75
34 80
34 82
34 83
34 87
34 89
34 91
34 95
34 96
34 97
34 98
34 99
34 133
34 161
34 218
34 232
34 291
34 535
34 604
34 824
34 880
35 36
35 37
35 38
35 39
35 41
35 42
35 43
35 48
35 54
35 55
35 56
35 63
35 64
35 67
35 69
35 71
35 72
35 81
35 82
35 85
35 89
35 91
35 92
35 98
35 253
35 307
35 548
35 559
35 758
35 779
35 783
35 859
36 37
36 42
36 43
36 46
36 47
36 49
36 50
36 52
36 54
36 57
36 58
36 59
36 60
36 61
36 62
36 66
36 68
36 71
36 78
36 81
36 85
36 86
36 87
36 89
36 93
36 97
36 99
36 104
36 196
36 476
36 709
36 739
36 887
37 38
37 39
37 40
37 44
37 46
37 47
37 48
37 50
37 52
37 65
37 66
37 67
37 68
37 75
37 76
37 81
37 83
37 87
37 88
37 89
37 91
37 92
37 96
37 99
37 225
37 425
37 548
37 650
37 660
37 675
37 677
37 804
37 979
38 42
38 44
38 45
38 47
38 48
38 50
38 52
38 53
38 54
38 55
38 57
38 58
38 59
38 62
38 65
38 66
38 68
38 69
38 70
38 72
38 77
38 78
38 80
38 83
38 92
38 94
38 98
38 475
38 582
38 600
38 708
38 878
39 41
39 47
39 49
39 51
39 52
39 53
39 56
39 57
39 58
39 60
39 65
39 73
39 75
39 76
39 77
39 78
39 81
39 83
39 88
39 89
39 90
39 94
39 97
39 98
39 99
39 188
39 241
39 528
39 545
39 606
39 685
39 837
39 919
40 42
40 44
40 45
40 48
40 50
40 52
40 53
40 54
40 57
40 58
40 63
40 64
40 69
40 72
40 78
40 80
40 81
40 86
40 88
40 90
40 93
40 94
40 98
40 236
40 249
40 274
40 551
40 576
40 595
40 666
40 698
40 771
40 810
40 855
41 42
41 44
41 46
41 51
41 53
41 54
41 56
41 63
41 65
41 70
41 71
41 72
41 74
41 78
41 81
41 82
41 84
41 85
41 87
41 89
41 91
41 94
41 138
41 172
41 261
41 294
41 411
41 414
41 438
41 509
41 548
41 801
41 870
41 872
42 43
42 45
42 47
42 48
42 59
42 63
42 66
42 72
42 75
42 76
42 77
42 82
42 88
42 90
42 91
42 93
42 94
42 96
42 99
42 102
42 161
42 178
42 309
42 353
42 633
42 768
42 935
42 952
43 44
43 55
43 57
43 63
43 64
43 68
43 69
43 70
43 71
43 74
43 77
43 81
43 88
43 89
43 91
43 96
43 193
43 227
43 387
43 453
43 456
43 474
43 550
43 614
43 845
43 960
44 47
44 48
44 50
44 51
44 52
44 55
44 57
44 61
44 64
44 69
44 70
44 73
44 76
44 78
44 81
44 83
44 84
44 85
44 86
44 94
44 96
44 107
44 180
44 272
44 319
44 324
44 366
44 371
44 525
44 686
44 696
44 771
44 793
44 813
45 47
45 53
45 56
45 58
45 59
45 60
45 65
45 66
45 69
45 70
45 71
45 74
45 75
45 77
45 79
45 83
45 85
45 89
45 92
45 97
45 98
45 288
45 404
45 454
45 966
45 972
46 47
46 49
46 50
46 52
46 58
46 59
46 60
46 63
46 64
46 65
46 66
46 70
46 74
46 77
46 78
46 80
46 81
46 82
46 83
46 84
46 92
46 96
46 97
46 99
46 110
46 366
46 432
46 727
46 736
46 777
46 779
46 841
47 48
47 49
47 50
47 51
47 54
47 60
47 67
47 74
47 80
47 81
47 82
47 84
47 88
47 90
47 93
47 94
47 95
47 96
47 99
47 375
47 487
47 499
47 715
47 768
47 792
48 49
48 57
48 59
48 60
48 62
48 67
48 69
48 72
48 74
48 75
48 78
48 81
48 82
48 84
48 85
48 86
48 89
48 92
48 93
48 94
48 95
48 99
48 114
48 180
48 200
48 211
48 215
48 360
48 394
48 431
48 531
48 582
48 606
48 759
48 931
48 975
49 51
49 52
49 57
49 63
49 64
49 65
49 70
49 74
49 80
49 82
49 83
49 85
49 88
49 89
49 91
49 94
49 96
49 97
49 122
49 172
49 214
49 224
49 254
49 275
49 299
49 401
49 628
49 721
50 54
50 56
50 57
50 59
50 61
50 62
50 63
50 64
50 65
50 70
50 74
50 75
50 76
50 83
50 84
50 89
50 93
50 95
50 98
50 99
50 137
50 158
50 175
50 191
50 192
50 302
50 370
50 385
50 448
50 493
50 618
50 621
50 707
50 785
50 797
50 954
51 53
51 54
51 55
51 56
51 62
51 63
51 65
51 68
51 70
51 74
51 75
51 77
51 82
51 89
51 91
51 92
51 94
51 97
51 98
51 99
51 241
51 382
51 629
51 633
51 642
51 676
51 842
51 858
52 55
52 57
52 61
52 62
52 64
52 65
52 67
52 68
52 73
52 76
52 77
52 78
52 79
52 82
52 85
52 87
52 88
52 90
52 92
52 99
52 104
52 116
52 287
52 405
52 723
52 728
52 782
52 832
52 995
53 55
53 58
53 59
53 60
53 61
53 63
53 72
53 73
53 75
53 78
53 91
53 92
53 93
53 97
53 98
53 319
53 374
53 389
53 515
53 560
53 682
53 735
53 827
53 985
54 57
54 61
54 66
54 67
54 72
54 74
54 76
54 79
54 80
54 83
54 84
54 86
54 88
54 89
54 90
54 92
54 95
54 98
54 222
54 262
54 295
54 402
54 490
54 533
54 551
54 826
54 848
54 910
54 976
54 993
55 59
55 60
55 72
55 77
55 79
55 86
55 87
55 90
55 93
55 97
55 99
55 289
55 372
55 542
55 738
55 757
55 845
55 849
55 876
55 899
56 59
56 61
56 63
56 65
56 67
56 74
56 75
56 76
56 78
56 79
56 81
56 82
56 83
56 85
56 86
56 88
56 89
56 90
56 91
56 92
56 96
56 97
56 98
56 109
56 120
56 196
56 353
56 401
56 531
56 921
56 997
57 59
57 62
57 64
57 66
57 68
57 71
57 72
57 74
57 75
57 77
57 78
57 80
57 81
57 87
57 88
57 92
57 97
57 98
57 259
57 698
57 828
57 871
57 922
57 939
57 952
58 59
58 60
58 62
58 63
58 66
58 68
58 73
58 74
58 76
58 79
58 81
58 83
58 93
58 108
58 223
58 285
58 367
58 483
58 522
58 555
58 609
58 675
58 723
58 784
58 811
59 60
59 62
59 66
59 70
59 76
59 77
59 78
59 79
59 80
59 82
59 83
59 84
59 85
59 86
59 89
59 94
59 95
59 98
59 149
59 190
59 323
59 343
59 359
59 413
59 620
59 665
59 763
60 61
60 63
60 67
60 68
60 70
60 71
60 74
60 77
60 79
60 81
60 82
60 83
60 84
60 86
60 89
60 91
60 93
60 96
60 97
60 98
60 153
60 308
60 437
60 439
60 594
60 662
60 748
60 803
60 805
60 860
61 69
61 70
61 71
61 74
61 75
61 79
61 82
61 83
61 84
61 85
61 86
61 92
61 94
61 95
61 116
61 240
61 332
61 366
61 385
61 595
61 667
61 751
61 971
62 63
62 65
62 67
62 68
62 71
62 73
62 75
62 79
62 82
62 83
62 85
62 91
62 92
62 93
62 96
62 97
62 98
62 176
62 336
62 826
62 857
62 964
63 65
63 72
63 73
63 74
63 75
63 76
63 78
63 80
63 81
63 82
63 83
63 91
63 92
63 94
63 96
63 143
63 234
63 413
63 445
63 476
63 619
63 785
64 65
64 66
64 67
64 75
64 78
64 79
64 83
64 84
64 87
64 89
64 90
64 92
64 93
64 94
64 99
64 363
64 530
64 665
64 712
64 783
64 894
64 901
64 954
65 67
65 68
65 69
65 71
65 72
65 76
65 81
65 85
65 88
65 89
65 92
65 96
65 98
65 99
65 352
65 367
65 409
65 524
65 575
65 628
65 704
65 811
65 879
65 893
65 980
66 67
66 69
66 70
66 72
66 73
66 75
66 86
66 87
66 88
66 90
66 91
66 93
66 95
66 159
66 206
66 345
66 464
66 700
66 810
66 835
66 955
66 958
67 69
67 70
67 73
67 76
67 77
67 78
67 81
67 82
67 84
67 88
67 91
67 93
67 98
67 99
67 187
67 407
67 472
67 501
67 547
67 675
68 73
68 75
68 76
68 80
68 83
68 84
68 86
68 99
68 114
68 131
68 197
68 270
68 330
68 448
68 486
68 556
68 593
68 670
68 791
68 909
68 945
69 73
69 74
69 75
69 78
69 83
69 86
69 87
69 88
69 90
69 91
69 93
69 94
69 133
69 138
69 334
69 544
69 621
69 838
69 861
70 72
70 73
70 77
70 78
70 80
70 83
70 84
70 85
70 88
70 89
70 92
70 93
70 94
70 96
70 97
70 205
70 312
70 501
70 634
70 702
70 793
70 831
70 861
70 943
70 951
70 968
71 72
71 74
71 77
71 82
71 89
71 90
71 94
71 97
71 98
71 99
71 113
71 247
71 279
71 317
71 341
71 359
71 423
71 424
71 440
71 580
71 698
71 892
71 996
72 73
72 82
72 83
72 86
72 87
72 91
72 94
72 95
72 96
72 99
72 100
72 205
72 458
72 858
73 74
73 77
73 79
73 85
73 88
73 90
73 95
73 96
73 246
73 301
73 384
73 432
73 577
73 672
73 844
73 845
73 856
73 895
73 990
74 75
74 76
74 78
74 79
74 80
74 81
74 86
74 87
74 88
74 89
74 90
74 92
74 93
74 95
74 99
74 205
74 282
74 311
74 336
74 404
74 722
74 803
74 898
74 901
75 77
75 78
75 79
75 82
75 87
75 88
75 89
75 99
75 112
75 237
75 277
75 312
75 535
75 545
75 750
75 800
75 906
76 82
76 83
76 84
76 86
76 87
76 88
76 89
76 90
76 92
76 94
76 96
76 97
76 99
76 161
76 194
76 226
76 234
76 374
76 398
76 402
76 542
76 581
76 673
76 788
76 857
76 973
77 81
77 82
77 83
77 85
77 86
77 97
77 98
77 99
77 127
77 159
77 430
77 444
77 446
77 461
77 476
77 483
77 491
77 655
77 766
77 807
77 902
77 951
77 991
78 82
78 88
78 89
78 91
78 96
78 325
78 511
78 538
78 663
78 747
78 851
78 857
78 931
79 82
79 84
79 87
79 90
79 93
79 96
79 99
79 122
79 148
79 366
79 419
79 476
79 790
79 822
79 842
79 962
79 997
80 82
80 86
80 87
80 88
80 91
80 92
80 94
80 95
80 99
80 135
80 180
80 318
80 385
80 456
80 467
80 498
80 677
80 784
81 82
81 83
81 84
81 88
81 89
81 91
81 92
81 93
81 94
81 96
81 97
81 98
81 102
81 208
81 209
81 234
81 673
82 83
82 85
82 87
82 88
82 93
82 95
82 97
82 98
82 121
82 340
82 411
82 433
82 534
82 648
82 684
82 921
83 84
83 90
83 91
83 93
83 98
83 245
83 250
83 260
83 297
83 368
83 527
83 669
83 765
83 962
83 974
84 88
84 89
84 90
84 92
84 93
84 94
84 95
84 98
84 101
84 281
84 320
84 565
84 607
84 613
84 649
84 688
84 854
84 916
85 89
85 91
85 93
85 98
85 99
85 113
85 189
85 234
85 255
85 320
85 506
85 752
85 791
85 819
85 967
86 87
86 89
86 92
86 97
86 266
86 314
86 901
86 983
87 90
87 94
87 96
87 97
87 99
87 190
87 324
87 400
87 552
87 555
87 665
87 780
87 847
87 895
88 95
88 97
88 98
88 99
88 140
88 207
88 215
88 378
88 534
88 537
88 571
88 635
88 765
88 969
89 98
89 99
89 207
89 425
89 532
89 557
90 93
90 94
90 95
90 96
90 143
90 473
90 602
90 689
90 741
90 865
90 940
91 92
91 93
91 97
91 99
91 125
91 239
91 341
91 345
91 356
91 379
91 388
91 608
91 676
91 759
91 873
91 951
91 974
92 94
92 98
92 99
92 103
92 120
92 193
92 444
92 527
92 569
92 667
92 693
92 698
92 762
92 812
93 94
93 95
93 97
93 98
93 111
93 134
93 355
93 455
93 882
93 933
94 96
94 99
94 213
94 281
94 588
94 703
94 754
94 828
94 870
94 907
94 954
95 98
95 216
95 247
95 389
95 514
96 97
96 379
96 739
96 802
96 806
96 811
96 845
97 118
97 143
97 155
97 324
97 326
97 342
97 416
97 432
97 557
97 654
97 724
97 740
97 792
97 801
97 871
97 910
97 936
98 123
98 214
98 536
98 607
98 681
99 166
99 314
99 479
99 552
99 645
99 799
99 896
100 138
100 189
100 438
100 549
100 851
100 964
100 971
101 271
101 297
101 307
101 314
101 479
101 603
101 615
101 644
101 671
101 710
101 756
101 840
101 867
102 219
102 251
102 298
102 335
102 339
102 566
102 731
102 758
102 815
102 827
102 835
102 918
102 959
103 109
103 168
103 224
103 261
103 288
103 374
103 471
103 474
103 804
103 952
104 132
104 138
104 270
104 412
104 458
104 845
105 127
105 243
105 351
105 380
105 454
105 535
105 560
105 623
105 636
105 996
106 135
106 266
106 464
106 475
106 998
107 324
107 555
107 681
107 692
107 785
107 853
107 949
108 147
108 338
108 544
108 670
108 887
109 365
109 449
109 455
109 761
109 908
110 253
110 262
110 275
110 291
110 408
110 455
110 565
110 606
110 722
110 817
111 214
111 257
111 333
111 337
111 458
111 536
111 612
111 698
111 728
111 798
111 900
112 192
112 297
112 424
112 587
112 620
112 768
112 836
112 961
112 970
113 277
113 432
113 719
114 296
114 454
114 509
114 510
114 524
115 288
115 310
115 457
115 584
115 734
115 840
116 215
116 413
116 570
116 618
116 717
117 170
117 275
117 306
117 323
117 330
117 454
117 602
117 652
117 675
117 677
118 322
118 328
118 333
118 550
118 562
118 883
119 360
119 361
119 491
119 548
119 561
119 565
119 582
119 594
119 686
119 840
119 867
120 148
120 323
120 349
120 391
120 447
120 506
120 519
120 570
120 592
120 627
120 677
120 722
120 828
120 902
120 913
121 154
121 397
121 427
121 432
121 459
121 551
121 674
121 781
121 819
121 869
122 127
122 146
122 217
122 304
122 401
122 447
122 474
122 524
122 557
122 565
122 592
122 638
122 711
122 727
122 775
122 867
122 953
123 296
123 329
123 559
123 587
123 827
123 870
123 919
124 642
124 677
124 682
124 716
124 950
125 138
125 530
125 535
125 556
125 648
125 816
125 866
125 902
126 719
126 774
127 166
127 396
127 596
127 626
128 284
128 286
128 468
128 565
128 903
128 994
129 466
129 534
129 544
129 709
129 780
129 894
130 152
130 198
130 214
130 489
130 490
130 517
130 566
130 682
130 743
130 763
130 824
130 891
130 940
130 951
131 134
131 179
131 274
131 368
131 378
131 641
131 662
131 675
131 703
131 777
131 824
131 825
131 887
131 894
131 997
132 133
132 153
132 372
132 424
132 457
132 486
132 856
133 282
133 328
133 541
133 814
134 273
134 483
134 514
134 608
134 759
134 783
134 825
134 827
134 908
135 208
135 512
135 587
135 737
135 751
135 825
135 888
135 894
135 898
135 944
135 976
135 984
136 349
136 407
136 411
136 427
136 482
136 545
136 603
136 614
137 271
137 635
137 752
137 790
137 909
137 912
138 139
138 361
138 372
138 619
138 786
138 799
138 808
138 822
138 856
138 907
139 264
139 393
139 431
139 437
139 450
139 518
139 626
139 676
139 723
139 726
140 172
140 408
140 441
140 463
140 763
140 878
140 897
141 175
141 201
141 225
141 393
141 601
141 638
141 764
141 843
141 913
141 977
142 272
142 320
142 366
142 481
142 533
142 671
142 677
142 765
142 777
142 929
143 191
143 206
143 345
143 493
143 593
143 726
143 831
143 919
144 154
144 253
144 325
144 356
144 383
144 405
144 428
144 509
144 592
144 597
144 639
144 676
144 751
144 921
144 957
144 970
145 495
145 574
145 652
145 725
145 857
145 879
145 916
146 283
146 511
146 554
146 615
146 812
147 200
147 293
147 441
147 821
147 943
147 988
147 991
148 307
148 470
148 557
148 577
148 589
148 602
148 818
148 953
149 184
149 192
149 207
149 280
149 743
149 775
149 947
149 975
149 984
150 178
150 227
150 346
150 461
150 614
150 748
150 783
150 883
150 933
151 258
151 399
151 597
151 762
152 323
152 352
152 416
152 625
152 711
152 747
152 822
152 868
152 982
153 253
153 389
153 414
153 782
153 816
153 938
153 972
154 259
154 310
154 317
154 328
154 329
154 355
154 404
154 489
154 499
154 534
154 809
154 913
155 264
155 344
155 472
155 841
155 987
155 993
156 204
156 490
156 582
156 639
156 672
156 735
156 767
156 847
157 416
157 435
157 640
157 692
157 716
157 847
158 333
158 413
158 450
158 541
158 563
158 599
158 928
159 216
159 255
159 285
159 366
159 536
159 819
159 977
159 998
160 752
160 845
160 879
160 938
161 413
161 541
161 583
161 699
161 847
161 890
161 909
161 988
162 188
162 259
162 388
162 470
162 506
162 527
162 600
162 612
162 678
162 743
162 759
162 805
162 924
163 243
163 298
163 306
163 618
163 673
163 678
163 913
163 970
164 175
164 271
164 415
164 481
164 484
164 522
164 527
164 656
164 664
164 696
164 712
164 750
164 827
164 839
164 927
164 997
165 186
165 333
165 415
165 573
165 597
165 660
165 713
165 748
165 875
166 412
166 428
166 589
166 629
166 664
166 751
166 778
166 824
167 183
167 319
167 481
167 631
167 803
167 877
167 889
167 971
168 185
168 224
168 423
168 449
168 461
168 531
168 613
168 618
168 630
168 671
168 823
168 843
168 853
168 923
168 957
168 960
169 307
169 350
169 428
169 438
169 474
169 529
169 628
169 633
169 995
170 265
170 334
170 520
170 571
170 783
170 987
171 287
171 292
171 463
171 493
171 878
171 918
172 210
172 211
172 347
172 398
172 679
172 736
172 775
172 817
172 860
172 877
172 940
172 997
173 242
173 499
173 587
173 761
173 985
174 197
174 237
174 377
174 399
174 626
174 627
174 732
174 958
175 266
175 278
175 469
175 667
175 852
175 932
176 254
176 269
176 332
176 430
176 445
176 508
176 599
176 750
176 836
176 928
177 269
177 439
177 474
177 483
177 564
177 781
177 990
178 314
178 455
178 576
178 622
178 709
178 769
178 776
178 831
178 893
179 234
179 342
179 357
179 396
179 419
179 434
179 502
179 516
179 563
179 604
179 817
180 276
180 379
180 431
180 445
180 533
180 805
180 840
180 883
181 275
181 382
181 438
181 696
181 991
182 269
182 277
182 494
182 567
182 601
182 616
182 682
182 894
183 187
183 217
183 219
183 283
183 310
183 371
183 506
183 565
183 619
183 653
183 747
183 837
183 843
183 872
184 185
184 238
184 248
184 253
184 296
184 390
184 488
184 500
184 610
184 679
184 960
184 973
185 189
185 221
185 413
185 604
185 742
185 841
186 250
186 473
186 479
186 518
186 611
186 908
186 916
186 957
187 197
187 216
187 314
187 337
187 433
187 585
187 740
187 759
187 819
187 825
187 835
187 871
187 955
188 417
188 718
188 721
188 805
188 854
188 973
188 995
189 428
189 540
189 645
189 724
189 741
189 759
189 777
189 856
190 208
190 258
190 374
190 587
190 662
190 690
190 914
191 212
191 299
191 467
191 496
191 610
191 798
191 821
191 823
191 995
192 317
192 347
192 364
192 579
192 920
192 937
192 938
193 220
193 348
193 411
193 445
193 510
193 516
193 592
193 685
193 802
194 287
194 308
194 312
194 361
194 412
194 541
194 571
194 662
194 808
194 952
195 279
195 337
195 591
195 724
195 768
195 776
195 806
195 845
195 915
195 921
195 961
196 511
196 527
196 613
196 749
196 835
196 925
197 265
197 524
197 713
197 778
197 990
198 201
198 288
198 472
198 483
198 711
198 745
198 837
199 234
199 305
199 378
199 385
199 398
199 733
199 981
200 223
200 313
200 545
200 799
200 878
200 933
200 979
201 330
201 370
201 409
201 643
201 833
201 922
201 990
202 237
202 283
202 289
202 542
202 548
202 650
202 716
202 753
202 795
202 829
202 871
203 230
203 511
203 652
203 662
203 666
203 695
203 898
203 906
203 967
204 293
204 519
204 583
204 776
204 896
204 934
205 256
205 274
205 312
205 380
205 394
205 560
205 699
205 792
205 803
205 877
205 922
205 923
205 992
206 208
206 612
207 234
207 265
207 328
207 369
207 452
207 933
207 980
208 497
208 603
208 761
208 762
208 782
208 834
208 919
208 932
209 513
209 518
209 726
209 925
210 361
210 377
210 494
210 536
210 555
210 556
210 979
211 232
211 320
211 377
211 426
211 497
211 507
211 554
211 769
211 897
212 239
212 477
212 481
212 557
212 658
212 739
212 806
212 849
212 878
212 932
213 276
213 376
213 461
213 892
213 921
214 279
214 287
214 806
214 883
214 891
214 955
214 978
215 245
215 410
215 470
215 753
215 803
215 868
215 880
215 949
215 954
216 311
216 332
216 338
216 357
216 390
216 462
216 580
216 661
216 665
216 678
216 818
216 825
217 288
217 443
217 638
217 780
217 912
218 313
218 351
218 393
218 562
218 636
218 643
218 756
218 817
218 855
219 236
219 317
219 377
219 467
219 868
219 949
220 308
220 439
220 440
220 493
220 664
220 777
220 951
220 965
220 998
221 342
221 370
221 408
221 462
221 563
221 713
221 789
221 810
221 863
222 324
222 362
222 430
222 472
222 590
222 838
222 940
223 248
223 390
223 396
223 452
223 508
223 625
223 768
223 772
223 776
223 783
224 373
224 382
224 424
224 443
224 456
224 493
224 785
224 827
224 991
225 242
225 392
225 434
225 452
225 456
225 601
225 708
225 714
225 778
225 797
225 842
225 916
226 353
226 362
226 368
226 692
226 701
226 895
226 909
227 286
227 373
227 410
227 528
227 637
227 669
227 688
227 735
227 795
227 837
227 992
228 322
228 345
228 498
228 672
228 714
228 804
228 906
229 239
229 499
229 544
229 562
229 745
229 759
229 921
229 949
229 973
229 992
230 308
230 327
230 352
230 439
230 497
230 550
230 583
230 701
230 787
230 928
230 969
231 524
231 803
231 933
232 318
232 389
232 472
232 548
232 577
232 593
232 596
232 628
232 815
232 816
232 926
232 957
233 389
233 436
233 462
233 584
233 913
233 991
234 358
234 830
234 892
235 246
235 412
235 756
235 849
235 866
235 992
236 335
236 515
236 732
236 757
236 780
236 844
236 855
237 310
237 314
237 322
237 517
237 642
237 940
237 960
238 285
238 309
238 347
238 606
238 611
238 682
238 716
238 763
238 865
239 268
239 364
239 600
239 713
239 742
239 744
239 782
239 802
239 823
239 825
239 914
240 329
240 336
240 442
240 471
240 537
240 560
240 650
240 769
240 993
241 250
241 288
241 357
241 580
241 622
241 701
241 756
241 992
241 998
242 266
242 305
242 325
242 417
242 474
242 593
242 915
243 624
243 722
243 744
243 848
243 884
243 953
244 269
244 291
244 294
244 531
244 688
244 705
244 741
244 845
244 955
245 373
245 673
245 744
245 748
245 869
246 267
246 296
246 489
246 596
246 635
246 870
247 347
247 348
247 372
247 588
247 623
247 686
247 767
248 300
248 305
248 307
248 453
248 479
248 504
248 619
248 675
248 833
248 889
248 969
249 272
249 273
249 382
249 494
249 519
249 702
249 761
249 846
249 914
249 932
250 272
250 319
250 461
250 595
250 787
250 828
250 833
250 850
250 881
251 276
251 398
251 495
251 525
251 549
251 604
251 610
251 631
251 702
251 860
252 300
252 325
252 377
252 396
252 432
252 447
252 452
252 492
252 510
252 676
252 679
252 901
253 277
253 337
253 344
253 446
253 453
253 653
253 670
253 757
253 767
254 372
254 379
254 519
254 716
254 721
254 774
254 895
254 898
254 982
255 502
255 553
255 847
256 307
256 361
256 522
256 550
256 636
256 775
256 802
256 902
256 911
256 976
257 295
257 420
257 441
257 471
257 807
257 820
257 888
257 976
258 374
258 384
258 441
258 515
258 757
258 822
258 834
258 845
258 868
258 880
258 902
259 311
259 379
259 443
259 476
259 551
259 585
259 760
259 777
259 923
259 984
260 271
260 338
260 396
260 418
260 506
260 783
260 866
260 945
260 982
261 452
262 358
262 488
262 591
262 837
262 848
263 357
263 375
263 485
263 507
263 601
263 715
264 303
264 365
264 421
264 493
264 494
264 608
264 679
264 878
264 928
264 985
265 387
265 409
265 619
265 642
265 739
265 778
266 473
266 521
266 546
266 643
266 681
266 719
266 722
266 775
266 858
266 885
266 900
267 326
267 441
267 492
267 568
267 580
267 623
267 632
267 881
267 918
268 286
268 298
268 324
268 435
268 693
268 991
269 299
269 321
269 367
269 718
269 776
269 873
269 893
269 979
270 279
270 546
270 590
270 627
270 647
270 663
270 666
270 786
271 372
271 541
271 552
271 736
271 787
271 826
271 901
271 980
272 295
272 382
272 467
272 574
272 863
272 920
272 936
272 980
273 281
273 321
273 420
273 497
273 813
273 903
274 396
274 431
274 592
274 876
275 317
275 345
275 359
275 365
275 426
276 346
276 449
276 517
277 434
277 483
277 705
277 746
277 904
278 288
278 349
278 443
278 452
278 592
278 618
278 770
278 795
278 863
278 924
278 975
279 323
279 361
279 494
279 618
279 679
279 694
279 703
279 704
279 889
279 955
279 988
280 404
280 433
280 441
280 474
280 519
280 598
280 713
280 802
280 930
281 307
281 308
281 350
281 393
281 432
281 480
281 582
281 721
281 792
282 343
282 349
282 658
282 666
282 830
282 900
282 957
283 337
283 377
283 427
283 432
283 536
283 559
283 591
283 601
283 627
284 362
284 481
284 486
284 495
284 861
284 946
285 327
285 415
285 753
285 812
285 817
285 924
286 347
286 714
286 738
286 908
286 959
287 346
287 365
287 668
287 720
287 931
287 944
288 370
288 526
288 653
288 946
289 702
289 722
289 742
289 890
289 966
290 374
290 415
290 531
290 608
290 687
290 974
291 302
291 304
291 348
291 510
291 560
291 726
292 430
292 642
292 691
292 741
292 847
292 917
293 360
293 393
293 428
293 637
293 731
294 784
294 938
294 945
295 309
295 362
295 561
295 573
295 609
295 636
295 760
295 812
295 912
295 999
296 427
296 485
296 592
296 716
296 739
296 800
297 341
297 394
297 620
297 717
297 796
297 916
297 945
297 946
297 964
298 431
298 581
298 582
298 602
298 604
298 627
298 700
298 714
298 733
298 841
298 851
298 958
299 415
299 425
299 428
299 438
299 587
299 636
299 721
299 736
299 877
299 902
299 917
299 942
299 995
300 367
300 587
300 658
300 701
300 824
300 902
301 318
301 333
301 342
301 374
301 446
301 819
301 832
302 317
302 734
302 781
302 867
303 327
303 457
303 484
303 528
303 550
303 570
303 701
303 798
303 879
303 887
303 897
304 585
304 678
304 799
304 842
305 471
305 489
305 529
305 544
305 577
305 676
305 730
305 950
305 997
306 334
306 374
306 529
306 589
306 597
306 764
306 818
306 992
307 411
307 441
307 538
307 558
307 560
307 969
308 320
308 348
308 375
308 430
308 453
308 535
308 553
308 640
308 732
308 866
308 994
309 337
309 417
309 562
309 652
309 655
309 663
309 766
309 914
309 936
310 436
310 498
310 532
310 577
311 622
311 668
311 792
312 364
312 374
312 465
312 516
312 599
312 609
312 725
312 828
312 891
312 966
312 980
313 471
313 503
313 608
313 891
313 978
314 315
314 330
314 479
314 483
314 641
314 715
314 760
314 835
314 859
314 882
315 347
315 423
315 439
315 463
315 472
315 484
315 604
315 737
315 740
315 771
315 782
315 824
315 839
315 876
315 894
316 499
316 861
316 894
316 960
316 975
317 385
317 412
317 529
317 703
317 756
317 781
317 787
317 810
317 824
317 921
318 389
318 470
318 581
319 350
319 362
319 457
319 525
319 556
319 595
319 757
319 802
319 872
319 881
320 536
320 663
320 704
320 713
320 778
320 876
320 899
320 946
321 406
321 481
321 538
321 559
321 721
321 818
321 899
322 331
322 467
322 522
322 557
322 626
322 683
322 697
322 719
322 726
322 838
322 852
322 855
322 978
323 427
323 879
323 891
323 924
324 426
324 656
324 703
324 723
324 836
324 917
325 463
325 564
325 574
325 612
325 731
325 839
325 992
326 475
326 821
326 887
327 362
327 456
327 586
327 645
327 704
327 786
328 469
328 479
328 480
328 857
328 927
329 605
329 717
329 722
329 746
329 785
329 854
329 908
330 556
330 831
330 841
330 872
331 461
331 653
331 730
332 358
332 375
332 441
332 457
332 511
332 725
332 756
332 770
332 971
332 984
333 372
333 410
333 448
333 616
333 739
333 816
333 850
334 356
334 647
334 652
334 906
334 948
335 387
335 462
335 608
335 618
335 636
335 757
335 826
336 359
336 493
336 590
336 824
336 827
336 857
336 945
337 367
337 412
337 440
337 448
337 804
337 989
338 503
338 515
338 683
338 717
338 939
338 961
339 488
339 626
339 828
339 943
340 362
340 572
340 633
340 892
340 909
341 345
341 481
341 504
341 512
341 587
341 614
341 635
341 693
341 722
341 727
341 736
341 821
341 908
341 964
342 423
342 430
342 481
342 508
342 628
342 794
342 861
342 983
343 395
343 436
343 489
343 505
343 655
343 704
343 761
343 914
343 920
344 448
344 454
344 608
344 651
344 799
344 913
344 972
345 361
345 478
345 520
345 779
345 858
345 914
345 965
346 351
346 394
346 507
346 529
346 572
346 773
346 783
346 915
346 944
346 955
347 348
347 362
347 378
347 645
347 684
348 368
348 509
348 614
348 685
348 794
348 845
348 971
349 495
349 605
349 725
349 727
349 937
349 962
350 371
350 380
350 742
350 745
350 914
351 480
351 493
351 577
351 604
351 667
351 715
351 719
351 731
351 915
351 945
352 437
352 732
352 795
352 800
352 926
352 934
353 379
353 407
353 848
354 453
354 457
354 491
354 546
354 553
354 628
354 824
354 954
355 627
355 717
355 730
355 803
355 995
356 516
356 587
356 597
356 840
356 842
356 843
357 526
357 562
357 574
357 594
357 690
357 739
357 907
357 917
357 958
358 404
358 410
358 497
358 579
358 994
359 413
359 478
359 592
359 649
359 692
359 805
359 987
359 989
360 361
360 584
360 597
360 673
360 688
360 745
360 769
360 819
360 865
360 960
361 423
361 508
361 722
361 944
361 978
362 369
362 387
362 462
362 640
362 650
362 747
362 863
362 893
362 960
363 374
363 585
363 594
363 634
363 644
363 893
363 908
363 921
364 740
365 550
365 687
365 883
365 884
365 887
366 559
366 607
366 716
366 753
366 759
366 941
366 944
366 992
367 461
367 720
367 854
367 860
368 681
368 955
369 392
369 408
369 418
369 470
369 566
369 606
369 802
369 947
370 459
370 559
370 591
370 895
370 940
370 967
371 488
371 565
371 626
371 787
371 793
371 890
371 940
372 699
372 825
372 985
373 495
373 527
373 842
373 986
374 549
374 625
375 406
375 603
375 630
375 725
375 831
376 582
376 683
376 707
376 801
376 862
376 893
376 947
377 417
377 554
377 570
377 588
377 623
377 636
377 651
377 659
377 764
377 785
377 861
377 918
377 992
378 466
378 485
378 498
378 758
379 495
379 544
379 583
379 668
379 852
379 865
380 494
380 626
380 650
380 664
380 711
380 824
380 826
380 961
381 826
381 860
381 888
381 891
382 520
382 525
382 542
382 582
382 705
382 743
382 901
382 962
383 464
383 679
383 779
383 918
383 938
384 403
384 433
384 508
384 652
384 710
384 720
384 760
384 899
384 914
384 937
384 941
385 386
385 399
385 431
385 536
385 610
385 696
385 739
385 740
385 961
386 388
386 612
386 741
386 742
386 793
386 810
386 857
387 709
387 734
387 867
388 405
388 437
388 462
388 537
388 541
388 774
388 920
389 511
389 589
389 646
389 688
389 781
389 782
389 835
390 406
390 440
390 623
390 673
390 970
391 601
391 616
391 626
391 630
391 673
391 693
391 846
391 927
391 941
391 991
392 438
392 561
392 634
392 871
392 874
392 959
393 486
393 548
393 585
393 812
393 930
393 984
393 986
393 996
394 689
394 729
394 743
394 787
395 440
395 632
395 830
396 410
396 502
396 741
396 762
397 604
397 641
397 700
397 719
397 779
397 795
397 978
398 458
398 583
398 765
398 767
398 773
398 810
398 830
398 881
399 597
399 627
399 716
399 866
400 411
400 414
400 624
400 755
400 802
400 989
401 435
401 498
401 613
401 721
401 776
401 851
401 980
402 451
402 461
402 554
402 581
402 667
402 850
402 893
402 966
403 658
403 708
403 926
404 506
404 508
404 852
404 864
404 878
405 505
405 512
405 527
405 533
405 645
405 699
405 771
406 554
406 569
406 664
406 698
406 738
406 881
406 959
407 418
407 505
407 677
407 804
408 413
408 482
408 583
408 604
409 552
409 677
409 689
409 706
409 719
409 730
409 797
409 949
409 963
410 427
410 534
410 661
410 833
410 901
410 925
411 549
411 609
411 972
412 517
412 669
412 769
412 899
412 917
412 928
412 956
413 472
413 809
413 875
413 911
414 420
414 563
414 574
414 708
414 792
415 530
415 539
415 623
415 746
415 773
416 424
416 568
416 578
416 586
416 609
416 648
416 772
416 822
417 501
417 502
417 567
417 570
417 807
417 862
417 868
417 875
418 593
418 838
419 468
419 501
419 532
419 705
419 725
419 746
419 753
419 816
419 827
419 868
420 437
420 487
420 750
420 965
420 986
421 502
421 648
421 773
421 775
421 784
422 441
422 456
422 502
422 742
422 881
423 429
423 501
423 518
423 523
423 576
423 579
423 705
423 722
423 805
423 936
424 481
424 692
424 940
425 492
425 500
425 549
425 554
425 629
425 721
425 768
425 853
426 494
426 558
426 600
426 701
426 873
426 885
426 918
427 616
427 623
427 769
427 869
427 899
427 976
428 481
428 565
428 567
428 607
428 705
428 713
428 789
428 791
428 805
428 854
428 961
429 478
429 485
429 624
429 636
429 653
429 777
429 944
430 486
430 651
430 851
430 964
431 809
431 933
432 483
432 649
432 685
432 690
432 770
432 816
432 920
432 994
433 563
433 990
434 739
435 510
435 582
435 629
435 735
435 921
436 446
436 525
436 579
436 598
436 731
436 781
436 785
436 802
436 975
437 533
437 579
437 660
437 818
438 472
438 494
438 520
438 640
438 688
438 874
439 504
439 764
439 776
439 900
440 522
440 590
440 632
440 772
440 939
440 942
440 991
441 540
441 664
441 678
441 684
441 706
441 728
441 975
442 464
442 509
442 630
442 893
442 921
443 674
443 727
443 744
443 759
443 938
444 675
444 686
444 737
444 808
444 867
444 905
445 480
445 527
445 589
445 621
445 803
446 531
446 532
446 557
446 625
446 796
446 835
446 909
446 938
447 467
447 660
447 675
447 704
447 763
447 805
447 821
447 904
448 488
448 509
448 624
448 651
448 796
448 832
448 877
448 879
448 886
449 510
449 912
449 924
449 962
449 987
450 517
450 534
450 634
450 818
450 883
450 919
451 502
451 509
451 722
451 742
451 800
451 874
452 862
452 935
453 608
453 642
453 795
454 494
454 636
454 827
455 769
455 781
456 474
456 501
456 518
456 534
456 814
456 826
456 827
457 506
457 508
457 575
457 641
457 789
457 830
457 831
457 965
458 861
458 871
458 961
459 470
459 557
459 575
459 667
459 836
459 855
460 497
460 518
460 702
460 766
460 780
461 464
461 604
461 739
461 741
461 767
461 909
461 910
461 974
462 471
462 531
463 636
463 882
463 895
464 520
464 580
464 722
464 903
464 964
465 482
465 515
465 540
465 626
465 677
465 844
465 865
466 513
466 609
466 613
466 703
466 760
467 572
467 691
467 730
467 987
468 532
468 706
468 737
468 739
468 870
468 962
469 552
469 819
469 839
469 879
469 983
470 512
470 544
470 639
470 748
470 915
470 918
471 582
471 630
471 671
471 793
471 885
472 509
472 562
472 604
472 742
472 785
472 804
472 871
472 903
472 943
473 528
473 597
473 622
473 919
473 926
474 569
474 625
475 555
475 597
475 676
475 764
475 776
475 990
476 512
476 528
476 584
476 624
476 816
476 957
476 984
477 550
477 656
477 686
477 756
477 766
477 938
478 517
478 572
478 999
479 641
479 823
479 942
480 725
480 887
481 545
481 780
481 807
482 544
482 784
482 837
483 741
483 800
483 887
483 952
483 997
484 525
484 551
484 612
484 623
484 803
484 819
484 898
485 556
485 580
485 598
485 610
485 632
485 743
485 881
485 931
485 997
486 596
486 688
486 727
486 872
487 594
487 616
487 635
487 648
487 730
488 541
488 602
488 603
488 676
488 849
488 895
489 517
489 659
490 512
490 590
490 601
490 700
490 784
490 785
490 864
490 999
491 553
491 594
491 716
491 794
491 926
492 509
492 649
492 759
492 816
492 866
492 899
492 972
493 516
493 584
493 789
493 909
494 717
494 774
494 794
494 880
494 971
495 693
495 699
495 927
495 937
496 548
496 566
496 586
496 690
497 561
497 681
497 705
498 593
498 979
499 554
499 788
499 832
499 879
500 852
500 859
500 951
501 577
501 619
501 867
501 928
501 929
501 996
502 757
502 934
503 807
503 992
504 609
504 646
504 721
504 934
505 570
505 621
505 790
505 844
505 848
505 912
506 691
506 851
506 988
507 889
507 890
507 974
508 684
508 916
509 608
509 679
509 705
509 755
509 796
509 825
509 921
510 549
510 971
511 754
511 755
511 898
512 674
512 758
512 811
512 818
512 948
513 834
513 846
513 906
513 919
513 925
513 991
514 647
514 678
514 975
514 983
515 619
515 631
515 734
515 736
515 747
515 766
515 911
515 921
516 645
517 591
517 614
517 735
517 817
517 846
517 870
517 886
518 676
518 971
518 997
519 652
519 665
519 807
519 815
520 649
520 736
520 888
520 985
520 997
521 535
521 594
521 662
521 713
521 908
522 616
522 641
522 772
522 892
522 955
523 550
523 571
523 757
523 903
523 964
523 965
524 604
524 817
524 997
525 587
525 611
525 652
525 664
525 676
525 717
525 747
525 749
525 773
525 922
525 924
525 962
526 914
526 950
526 951
526 962
526 977
527 580
527 601
527 606
527 612
527 640
527 652
527 681
527 711
527 789
527 811
528 603
528 610
528 638
528 817
528 889
528 979
529 531
529 540
529 610
529 628
529 899
529 910
529 917
530 616
530 704
530 745
530 753
530 818
530 858
530 918
530 921
530 944
531 736
531 738
531 959
532 546
532 606
532 954
533 690
533 732
533 985
534 811
534 813
534 927
535 570
535 598
535 685
535 729
535 767
535 768
536 757
537 853
537 902
537 933
537 986
538 585
538 836
538 855
538 883
539 569
539 588
539 688
539 727
539 979
539 999
540 593
540 596
540 627
540 656
540 659
540 678
540 693
541 543
541 623
541 729
541 761
541 831
541 834
541 954
541 955
542 607
542 751
542 783
542 841
542 870
542 887
542 963
542 979
543 658
543 674
543 760
543 886
543 896
544 546
544 571
544 585
544 613
544 791
544 833
545 612
545 617
545 775
545 910
545 948
546 573
546 598
546 644
546 985
546 996
547 602
547 627
547 656
547 773
547 858
547 907
548 668
548 675
548 855
548 968
549 662
549 776
549 921
549 976
550 583
550 693
550 700
550 702
550 717
550 820
550 832
550 887
550 910
551 648
551 825
551 835
552 556
552 586
552 666
552 788
552 818
553 709
553 910
553 953
553 973
553 988
554 577
554 807
554 874
554 997
555 556
555 589
555 871
555 875
556 761
556 862
556 941
557 569
557 636
557 727
557 735
557 743
557 766
557 798
557 856
557 928
557 955
558 754
558 887
559 712
559 714
559 726
559 735
559 812
559 939
560 807
560 836
560 870
560 923
561 613
561 756
561 939
561 956
562 584
562 649
562 656
562 720
563 659
563 688
563 871
563 895
563 963
563 969
564 705
564 717
564 847
564 999
565 593
565 599
565 647
565 713
565 731
565 807
565 939
566 610
566 742
567 748
568 626
568 830
568 833
568 834
568 849
569 587
569 695
569 765
569 938
569 945
570 589
570 621
570 742
570 821
570 887
570 947
571 654
571 959
572 599
572 609
572 616
572 648
572 671
572 716
572 738
572 845
572 870
572 899
573 681
573 840
573 903
573 967
574 665
574 714
574 719
574 814
574 889
574 964
575 678
575 822
575 907
576 702
576 707
576 793
576 872
576 906
577 791
577 952
577 970
578 681
578 728
578 760
578 768
578 890
578 948
579 695
580 635
580 686
580 912
580 934
580 971
581 804
582 615
582 712
582 846
582 958
583 829
583 916
584 612
584 672
584 748
584 878
584 983
585 703
585 724
585 737
585 837
585 857
585 866
586 609
586 656
586 700
586 733
586 774
586 779
586 969
587 763
587 982
588 684
588 812
588 816
588 859
589 604
589 655
589 795
590 602
590 612
590 687
590 819
591 619
591 691
591 745
591 847
591 894
591 994
592 618
592 762
592 942
592 962
593 996
594 608
594 703
594 757
594 784
594 801
594 983
595 614
595 830
595 948
596 662
596 733
596 743
596 755
596 859
596 929
596 943
597 618
597 790
597 803
597 879
597 943
598 718
598 730
598 803
598 840
598 944
598 988
599 934
600 894
600 911
600 926
600 927
600 989
600 992
601 689
601 743
601 757
601 818
601 995
602 635
602 739
602 884
602 922
603 627
603 828
604 739
604 869
604 978
605 611
605 717
605 742
605 755
605 829
605 884
605 889
606 871
606 891
606 920
607 705
607 883
607 891
607 941
608 679
608 772
608 948
608 956
608 990
609 828
609 861
609 972
610 663
610 711
610 721
610 930
611 679
611 688
611 750
611 826
611 841
611 927
611 941
611 971
612 997
613 690
613 889
613 916
613 919
613 976
614 659
614 808
614 951
615 781
615 830
615 886
615 993
616 727
616 761
616 789
616 922
616 928
617 628
617 746
617 812
617 873
617 909
618 622
618 643
618 773
618 949
619 635
619 653
619 659
619 741
619 791
619 854
619 916
620 633
620 896
621 655
621 656
621 745
621 925
621 998
622 807
622 851
623 744
623 746
623 761
624 655
624 779
624 886
625 691
625 705
625 711
625 760
625 907
625 916
625 980
626 687
626 707
626 798
626 805
627 633
627 692
627 711
627 787
627 878
627 925
628 667
628 697
628 987
629 750
629 891
629 953
629 961
630 784
630 865
630 935
630 971
631 679
631 885
631 998
632 740
632 747
632 759
632 860
632 880
632 898
632 976
633 787
633 873
633 895
633 961
634 701
634 716
634 856
634 990
634 996
635 643
635 681
635 718
635 778
635 786
635 828
635 926
635 952
636 747
636 966
637 764
637 792
637 966
638 690
638 691
639 695
639 832
639 875
640 732
640 822
641 796
641 906
641 977
642 671
642 867
642 875
642 947
642 976
643 706
643 712
643 762
643 767
643 812
643 839
643 841
643 872
643 962
643 967
644 659
644 690
644 747
644 754
644 787
644 789
644 961
645 660
645 694
645 778
645 783
645 882
646 647
647 823
647 877
648 732
648 810
648 922
649 897
649 936
649 952
649 976
650 746
650 930
651 656
651 816
651 839
652 665
652 783
652 839
652 860
652 931
653 803
653 849
653 992
654 657
654 734
654 754
654 862
654 957
655 734
655 856
655 884
657 751
658 660
658 938
659 665
659 671
659 921
659 941
659 944
660 761
660 817
660 856
660 984
661 663
661 843
662 775
662 798
663 722
663 744
663 779
663 811
663 901
663 925
663 931
663 955
663 991
664 683
664 738
664 757
665 821
665 842
665 879
665 907
666 713
666 956
667 768
667 856
667 925
668 848
668 881
668 969
669 734
669 769
670 825
670 927
670 998
671 808
671 840
671 915
671 941
671 958
672 884
672 904
673 791
673 901
674 721
674 775
674 826
674 912
674 992
675 725
675 892
675 905
675 977
675 994
676 956
677 794
677 983
677 986
678 721
678 725
678 759
678 762
678 793
678 907
678 925
679 806
679 886
680 742
680 778
680 945
681 693
681 754
681 791
681 964
681 991
682 890
683 758
683 826
683 837
683 983
684 723
684 797
684 802
684 844
684 938
685 750
685 789
685 790
686 867
686 931
686 951
687 740
687 888
688 787
688 846
688 880
688 888
688 934
689 802
689 818
689 955
689 960
689 997
690 763
690 846
691 844
691 894
691 926
691 937
692 743
692 949
693 732
693 764
693 778
693 845
693 963
694 801
694 813
694 875
695 997
696 808
696 942
696 998
697 781
697 808
697 843
697 961
698 770
699 707
699 929
699 990
700 883
701 790
701 922
702 775
702 783
702 819
702 875
702 989
703 823
704 716
704 729
704 812
704 869
704 977
705 726
705 963
706 749
707 767
707 769
707 828
707 972
708 734
708 757
709 734
711 743
712 713
712 732
712 826
712 880
712 920
713 721
713 800
713 915
713 928
713 947
713 980
715 756
716 829
716 938
717 742
717 907
717 964
719 885
719 890
719 905
719 943
720 760
720 788
720 889
720 921
720 946
721 748
721 824
721 893
721 965
722 853
722 877
723 933
723 958
723 993
724 971
725 730
725 830
725 866
725 888
726 795
726 809
726 838
727 814
727 909
727 921
727 925
728 740
729 847
729 934
731 792
731 823
731 859
731 870
732 789
733 781
733 858
734 747
734 839
734 872
734 962
734 970
734 979
734 989
735 822
735 892
736 817
736 926
737 740
737 772
737 804
737 944
738 809
738 891
738 979
739 749
739 755
739 858
740 793
740 941
740 997
741 802
741 859
741 864
741 938
741 990
741 995
742 761
742 773
742 793
742 837
742 914
742 979
743 955
743 977
744 792
744 844
744 936
745 781
745 817
745 919
745 921
745 933
746 808
746 811
746 847
746 881
747 818
747 945
748 852
748 970
749 756
749 762
749 860
749 931
749 934
750 796
750 914
751 907
751 935
751 980
752 772
752 906
752 916
754 867
754 898
755 825
755 827
755 902
756 787
756 799
757 908
757 965
758 817
758 956
761 796
761 915
761 917
762 921
764 880
764 882
764 955
764 983
765 863
765 914
765 957
766 812
766 888
767 870
767 963
768 999
770 888
771 830
772 937
773 774
773 837
773 841
773 842
773 935
774 857
774 878
774 896
775 790
775 934
775 981
776 926
778 845
778 974
779 974
780 951
780 990
780 996
781 839
781 938
782 850
783 871
783 930
784 881
785 907
786 787
786 876
787 802
787 803
787 838
790 927
792 806
792 857
793 804
793 815
793 832
793 962
793 993
793 998
794 900
794 965
794 981
795 806
795 834
795 873
795 925
796 825
797 872
797 979
798 895
799 870
799 877
799 888
799 891
801 895
801 909
801 913
801 938
801 993
802 804
802 868
803 823
803 884
803 969
804 812
804 850
805 891
807 831
807 857
808 820
808 892
810 848
810 856
810 978
811 872
811 888
811 960
811 982
812 936
814 822
814 835
814 996
815 891
816 830
818 874
818 888
818 950
818 960
818 974
819 823
819 835
819 837
819 877
819 878
819 925
819 927
819 958
820 988
822 931
822 946
823 980
824 865
825 864
826 975
827 975
827 992
828 920
828 926
828 936
829 879
829 930
831 919
832 888
832 954
833 875
833 901
835 955
835 979
836 880
836 948
836 950
837 884
838 910
840 911
841 879
841 969
842 925
842 928
842 943
842 972
843 907
844 929
845 867
845 909
845 912
845 986
846 854
846 916
846 923
847 940
848 902
849 865
850 874
850 952
850 987
851 864
851 980
852 937
852 938
852 979
853 945
853 978
853 999
854 899
854 932
854 945
856 935
857 953
860 885
860 911
860 957
860 966
860 971
860 976
861 949
861 972
862 966
863 873
864 995
870 877
871 876
871 952
871 955
873 930
874 950
874 989
875 879
876 910
876 962
876 977
877 896
877 906
877 993
879 895
879 932
880 959
881 902
882 906
883 912
883 941
883 995
887 942
887 999
888 956
889 930
889 932
889 975
890 995
891 939
891 968
892 923
892 969
892 998
893 894
895 903
895 929
895 940
897 930
899 921
900 922
900 934
901 969
903 942
903 995
905 921
906 977
907 936
907 982
908 961
908 986
909 913
911 988
912 987
914 977
915 952
916 919
916 975
918 934
918 992
922 933
922 958
923 985
923 996
924 929
924 988
925 952
925 976
928 987
929 959
929 970
932 938
932 978
935 962
942 983
944 987
947 986
951 993
956 962
958 979
960 962
970 978
978 979
983 995
984 990
988 995
